57.3,37.3