84.0,38.6